63
62
1    2
1    3
2    4
2    5
3    6
3    7
4    8
4    9
5    10
5    11
6    12
6    13
7    14
7    15
8    16
8    17
9    18
9    19
10    20
10    21
11    22
11    23
12    24
12    25
13    26
13    27
14    28
14    29
15    30
15    31
16    32
16    33
17    34
17    35
18    36
18    37
19    38
19    39
20    40
20    41
21    42
21    43
22    44
22    45
23    46
23    47
24    48
24    49
25    50
25    51
26    52
26    53
27    54
27    55
28    56
28    57
29    58
29    59
30    60
30    61
31    62
31    63
