91
162
1    6
1    48
1    67
1    79
2    13
2    16
2    19
2    44
3    37
3    38
3    75
3    90
4    16
4    27
4    42
4    61
5    23
5    26
5    29
6    23
6    84
7    24
7    28
7    72
7    78
8    26
8    29
8    39
9    43
9    57
9    63
10    21
10    41
10    50
10    71
11    27
11    42
11    64
11    91
12    30
12    35
12    56
12    73
13    36
13    45
13    73
14    44
14    52
14    85
15    38
15    46
15    90
16    55
16    82
17    25
17    80
17    83
18    39
18    58
18    68
19    30
19    55
19    73
20    43
20    57
20    76
21    51
21    70
22    74
22    80
23    48
24    57
24    76
24    87
25    65
25    87
25    89
27    65
27    77
28    65
28    77
28    87
29    31
29    48
30    41
30    71
31    34
31    39
31    68
32    60
32    63
32    70
33    42
33    52
33    64
34    48
34    62
34    67
35    59
35    67
35    79
36    44
36    47
36    85
37    62
37    66
37    88
38    49
40    64
40    74
40    91
41    54
41    55
42    82
44    82
45    47
45    59
45    88
46    47
46    85
47    90
49    75
49    86
50    54
50    60
50    70
51    53
51    71
52    82
53    56
53    84
54    61
54    72
55    61
56    71
56    79
57    78
58    66
58    81
59    69
59    73
60    72
60    78
61    77
62    68
62    69
63    78
65    91
66    68
66    75
67    69
69    88
72    77
74    89
75    81
76    83
79    84
80    89
81    86
83    87
88    90
89    91
