36
60
1    2
1    14
1    25
1    27
2    15
2    36
3    4
3    23
4    7
4    20
5    13
5    18
5    26
6    7
6    9
6    20
6    30
7    12
8    9
8    17
8    20
8    32
9    34
9    35
10    14
10    16
10    22
10    35
11    13
11    18
11    25
11    34
12    21
12    30
13    33
14    29
14    36
15    27
16    24
16    28
16    32
17    23
17    31
18    21
18    30
19    24
19    28
20    23
21    26
22    28
22    36
24    31
25    29
25    33
27    33
29    34
29    35
30    34
31    32
32    35
