100
501
1    19
1    27
1    36
1    45
1    46
1    58
1    75
1    77
1    80
1    81
1    90
1    100
2    14
2    22
2    26
2    30
2    35
2    40
2    48
2    60
2    64
2    66
2    77
2    80
2    83
2    94
3    5
3    27
3    28
3    40
3    42
3    62
3    72
3    80
3    82
3    86
3    90
4    13
4    21
4    23
4    26
4    30
4    34
4    36
4    51
4    55
4    82
4    97
5    9
5    16
5    30
5    34
5    39
5    40
5    53
5    75
5    85
5    89
6    12
6    23
6    25
6    45
6    61
6    68
6    90
6    95
7    12
7    29
7    40
7    47
7    49
7    52
7    53
7    61
7    62
7    68
7    85
7    98
8    14
8    20
8    47
8    48
8    65
8    67
8    73
8    78
8    81
8    94
8    100
9    16
9    39
9    50
9    51
9    58
9    60
9    69
9    78
9    80
9    82
9    84
9    85
9    87
10    13
10    23
10    54
10    62
10    64
10    69
10    81
10    99
11    23
11    26
11    47
11    72
11    80
11    86
11    88
11    92
11    100
12    15
12    16
12    53
12    56
12    63
12    73
12    77
12    89
13    35
13    43
13    55
13    60
13    61
13    63
13    64
13    73
13    80
13    98
14    15
14    23
14    31
14    59
14    71
14    85
14    91
14    95
15    18
15    21
15    23
15    26
15    52
15    69
15    88
16    21
16    39
16    50
16    68
16    71
16    75
17    33
17    39
17    63
17    66
17    85
18    27
18    29
18    51
18    61
18    86
18    95
19    23
19    30
19    69
19    79
19    81
19    83
19    95
20    25
20    28
20    31
20    38
20    48
20    49
20    61
20    70
20    79
20    83
20    86
20    92
21    22
21    23
21    33
21    36
21    51
21    56
21    60
21    68
21    86
22    41
22    46
22    47
22    48
22    49
22    55
22    64
22    67
22    71
22    73
22    76
22    96
22    100
23    35
23    38
23    46
23    51
23    80
23    91
23    93
23    98
23    100
24    28
24    42
24    43
24    52
24    53
24    61
24    64
24    81
24    82
24    83
25    31
25    32
25    33
25    42
25    45
25    50
25    81
25    86
25    98
26    39
26    50
26    52
26    57
26    71
26    74
26    80
26    93
26    100
27    38
27    39
27    52
27    67
27    69
27    72
27    76
27    89
27    93
28    48
28    62
28    65
28    67
28    68
28    73
28    75
28    82
28    85
28    86
29    41
29    44
29    55
29    56
29    61
29    73
29    80
30    37
30    67
30    69
30    76
30    92
30    97
31    66
31    80
31    97
31    100
32    41
32    43
32    55
32    69
32    71
32    94
32    96
32    98
32    99
32    100
33    62
33    63
33    79
33    82
33    89
33    91
34    39
34    57
34    70
34    71
34    87
34    100
35    37
35    43
35    48
35    53
35    69
35    93
35    95
36    39
36    41
36    44
36    47
36    55
36    59
36    63
36    98
37    58
37    73
37    82
38    59
38    65
38    68
38    75
39    55
39    63
39    74
39    91
40    60
40    80
40    86
41    59
41    91
41    96
41    98
42    46
42    68
42    79
42    81
42    97
43    54
43    59
43    61
43    66
43    73
43    81
43    85
44    49
44    53
44    56
44    60
44    65
44    78
45    48
45    58
45    83
45    91
46    54
46    65
46    76
46    81
46    86
47    60
47    93
47    94
47    98
48    52
48    60
48    67
48    73
48    78
48    79
48    86
49    55
49    56
49    58
49    70
49    74
49    98
50    67
50    79
50    80
50    84
51    56
51    78
51    93
51    94
52    60
52    61
52    96
53    77
53    78
53    86
54    55
54    63
54    66
54    71
54    72
54    73
54    74
54    87
54    96
55    60
55    70
55    97
56    71
56    84
56    96
57    81
57    91
57    99
58    75
58    77
58    81
58    87
58    97
59    70
59    88
59    91
59    97
60    81
60    86
60    90
60    97
60    98
60    99
61    95
62    63
62    69
62    70
62    77
62    78
62    81
62    86
62    91
63    67
63    91
64    65
64    73
64    84
65    70
65    71
65    72
65    91
65    92
66    99
67    71
67    78
68    85
68    88
69    72
69    84
69    85
69    92
70    73
71    80
71    81
71    91
71    99
72    97
72    100
73    81
73    88
74    99
74    100
77    80
77    97
78    81
78    88
78    94
78    95
78    97
78    99
79    93
80    84
80    90
80    91
80    93
80    97
80    98
81    86
83    91
83    96
84    89
84    95
84    99
86    95
87    95
87    96
87    97
88    95
91    97
93    95
93    99
94    95
95    97
95    100
97    100
