50
301
1    5
1    13
1    14
1    16
1    24
1    32
1    39
1    41
1    44
1    46
2    3
2    8
2    10
2    13
2    16
2    29
2    30
2    34
2    43
2    48
3    4
3    9
3    13
3    16
3    20
3    34
3    35
3    47
3    48
3    50
4    5
4    10
4    17
4    20
4    22
4    26
4    27
4    28
4    34
4    37
4    40
4    41
4    42
4    43
4    44
4    46
5    14
5    18
5    34
5    35
5    36
5    38
6    12
6    15
6    17
6    25
6    39
6    41
6    43
6    46
6    48
7    18
7    24
7    26
7    29
7    31
7    34
7    37
7    39
7    40
7    41
8    9
8    11
8    14
8    18
8    20
8    22
8    26
8    29
8    37
8    45
8    47
8    48
8    49
8    50
9    11
9    12
9    16
9    20
9    21
9    22
9    23
9    29
9    30
9    38
9    40
9    44
9    49
10    11
10    13
10    14
10    17
10    18
10    20
10    24
10    28
10    31
10    39
10    42
10    44
10    45
10    46
10    48
11    13
11    15
11    22
11    28
11    29
11    31
11    32
11    35
11    36
11    38
11    39
11    41
11    46
11    48
12    14
12    23
12    26
12    28
12    32
12    33
12    44
13    17
13    18
13    23
13    27
13    32
13    33
13    34
13    35
13    42
13    44
13    48
14    15
14    16
14    17
14    20
14    23
14    24
14    29
14    30
14    31
14    42
14    48
14    50
15    18
15    23
15    24
15    30
15    31
15    32
15    33
15    40
15    43
15    44
15    46
15    48
16    20
16    28
16    31
16    36
16    38
16    41
16    43
16    49
17    18
17    23
17    24
17    27
17    29
17    30
17    31
17    34
17    37
17    41
17    47
18    19
18    24
18    35
18    36
18    37
18    40
18    47
19    37
19    45
19    46
19    48
20    21
20    41
20    44
21    22
21    27
21    29
21    38
21    41
21    42
21    43
21    46
22    23
22    24
22    38
22    39
22    44
22    48
22    49
23    27
23    37
23    41
23    48
24    29
24    36
24    39
24    41
24    43
25    30
25    32
25    33
25    39
25    40
25    49
26    31
26    34
26    36
26    37
26    39
26    42
26    44
27    30
27    36
27    37
27    41
27    42
27    45
28    29
28    33
28    42
28    48
29    30
29    33
29    35
29    37
29    40
29    42
29    43
29    45
30    35
30    37
30    41
30    43
30    48
31    32
31    33
31    45
31    46
32    40
32    41
32    48
33    35
33    36
33    40
33    42
34    35
34    37
34    41
34    42
34    50
35    39
36    37
36    43
37    41
37    46
37    48
38    40
38    43
38    46
38    49
39    41
39    48
40    42
40    46
40    49
42    50
43    50
44    46
44    47
44    49
45    50
47    48
47    50
