25
83
1    13
1    15
2    3
2    6
2    9
2    10
2    12
2    14
2    23
3    4
3    7
3    8
3    10
3    13
3    15
3    17
3    20
3    23
3    25
4    6
4    7
4    8
4    10
4    11
4    14
4    15
4    18
4    19
4    23
4    24
5    9
5    13
5    14
5    16
5    18
5    19
5    22
5    24
6    15
6    18
6    21
6    24
7    8
7    10
7    12
7    20
7    22
8    11
8    15
8    19
8    21
8    24
8    25
9    17
9    20
9    23
10    12
10    14
10    18
10    19
10    20
10    22
11    19
12    24
13    15
13    17
13    19
13    24
13    25
14    15
15    16
15    24
16    25
17    21
18    21
18    23
19    25
20    21
20    22
20    24
22    23
23    24
23    25
