96
100
1 11
1 37
1 46
1 47
2 10
3 15
3 44
4 55
4 63
4 77
5 21
6 92
8 73
9 72
9 74
9 89
9 99
11 37
11 62
12 75
16 61
16 83
16 100
19 100
22 54
22 82
23 46
23 62
23 96
24 39
24 51
24 80
25 44
26 44
26 54
26 89
27 59
27 82
27 99
28 60
28 88
29 39
29 59
29 82
30 43
30 77
30 97
32 50
33 47
33 79
34 97
35 51
37 62
39 54
39 74
39 82
39 93
40 61
40 73
42 60
44 68
44 71
44 74
44 90
44 92
45 61
46 63
46 75
48 57
48 61
48 81
50 73
51 89
52 75
52 85
53 65
53 66
54 84
55 85
55 96
59 93
60 65
61 83
63 97
64 82
67 87
68 72
69 98
70 87
71 90
71 93
76 89
80 84
85 87
85 97
89 93
