2450
100
1 4
1 7
1 8
1 9
1 12
1 13
1 14
1 16
1 20
1 22
1 23
1 25
1 26
1 30
1 32
1 34
1 38
1 40
1 41
1 42
1 44
1 45
1 46
1 48
1 49
1 50
1 52
1 53
1 54
1 55
1 56
1 59
1 62
1 65
1 66
1 67
1 70
1 73
1 75
1 77
1 81
1 82
1 87
1 88
1 89
1 90
1 91
1 93
1 100
2 3
2 5
2 6
2 10
2 11
2 15
2 17
2 18
2 19
2 21
2 24
2 27
2 28
2 29
2 31
2 33
2 35
2 36
2 37
2 39
2 43
2 47
2 51
2 57
2 58
2 60
2 61
2 63
2 64
2 68
2 69
2 71
2 72
2 74
2 76
2 78
2 79
2 80
2 83
2 84
2 85
2 86
2 92
2 94
2 95
2 96
2 97
2 98
2 99
3 5
3 6
3 10
3 11
3 15
3 17
3 18
3 19
3 21
3 24
3 27
3 28
3 29
3 31
3 33
3 35
3 36
3 37
3 39
3 43
3 47
3 51
3 57
3 58
3 60
3 61
3 63
3 64
3 68
3 69
3 71
3 72
3 74
3 76
3 78
3 79
3 80
3 83
3 84
3 85
3 86
3 92
3 94
3 95
3 96
3 97
3 98
3 99
4 7
4 8
4 9
4 12
4 13
4 14
4 16
4 20
4 22
4 23
4 25
4 26
4 30
4 32
4 34
4 38
4 40
4 41
4 42
4 44
4 45
4 46
4 48
4 49
4 50
4 52
4 53
4 54
4 55
4 56
4 59
4 62
4 65
4 66
4 67
4 70
4 73
4 75
4 77
4 81
4 82
4 87
4 88
4 89
4 90
4 91
4 93
4 100
5 6
5 10
5 11
5 15
5 17
5 18
5 19
5 21
5 24
5 27
5 28
5 29
5 31
5 33
5 35
5 36
5 37
5 39
5 43
5 47
5 51
5 57
5 58
5 60
5 61
5 63
5 64
5 68
5 69
5 71
5 72
5 74
5 76
5 78
5 79
5 80
5 83
5 84
5 85
5 86
5 92
5 94
5 95
5 96
5 97
5 98
5 99
6 10
6 11
6 15
6 17
6 18
6 19
6 21
6 24
6 27
6 28
6 29
6 31
6 33
6 35
6 36
6 37
6 39
6 43
6 47
6 51
6 57
6 58
6 60
6 61
6 63
6 64
6 68
6 69
6 71
6 72
6 74
6 76
6 78
6 79
6 80
6 83
6 84
6 85
6 86
6 92
6 94
6 95
6 96
6 97
6 98
6 99
7 8
7 9
7 12
7 13
7 14
7 16
7 20
7 22
7 23
7 25
7 26
7 30
7 32
7 34
7 38
7 40
7 41
7 42
7 44
7 45
7 46
7 48
7 49
7 50
7 52
7 53
7 54
7 55
7 56
7 59
7 62
7 65
7 66
7 67
7 70
7 73
7 75
7 77
7 81
7 82
7 87
7 88
7 89
7 90
7 91
7 93
7 100
8 9
8 12
8 13
8 14
8 16
8 20
8 22
8 23
8 25
8 26
8 30
8 32
8 34
8 38
8 40
8 41
8 42
8 44
8 45
8 46
8 48
8 49
8 50
8 52
8 53
8 54
8 55
8 56
8 59
8 62
8 65
8 66
8 67
8 70
8 73
8 75
8 77
8 81
8 82
8 87
8 88
8 89
8 90
8 91
8 93
8 100
9 12
9 13
9 14
9 16
9 20
9 22
9 23
9 25
9 26
9 30
9 32
9 34
9 38
9 40
9 41
9 42
9 44
9 45
9 46
9 48
9 49
9 50
9 52
9 53
9 54
9 55
9 56
9 59
9 62
9 65
9 66
9 67
9 70
9 73
9 75
9 77
9 81
9 82
9 87
9 88
9 89
9 90
9 91
9 93
9 100
10 11
10 15
10 17
10 18
10 19
10 21
10 24
10 27
10 28
10 29
10 31
10 33
10 35
10 36
10 37
10 39
10 43
10 47
10 51
10 57
10 58
10 60
10 61
10 63
10 64
10 68
10 69
10 71
10 72
10 74
10 76
10 78
10 79
10 80
10 83
10 84
10 85
10 86
10 92
10 94
10 95
10 96
10 97
10 98
10 99
11 15
11 17
11 18
11 19
11 21
11 24
11 27
11 28
11 29
11 31
11 33
11 35
11 36
11 37
11 39
11 43
11 47
11 51
11 57
11 58
11 60
11 61
11 63
11 64
11 68
11 69
11 71
11 72
11 74
11 76
11 78
11 79
11 80
11 83
11 84
11 85
11 86
11 92
11 94
11 95
11 96
11 97
11 98
11 99
12 13
12 14
12 16
12 20
12 22
12 23
12 25
12 26
12 30
12 32
12 34
12 38
12 40
12 41
12 42
12 44
12 45
12 46
12 48
12 49
12 50
12 52
12 53
12 54
12 55
12 56
12 59
12 62
12 65
12 66
12 67
12 70
12 73
12 75
12 77
12 81
12 82
12 87
12 88
12 89
12 90
12 91
12 93
12 100
13 14
13 16
13 20
13 22
13 23
13 25
13 26
13 30
13 32
13 34
13 38
13 40
13 41
13 42
13 44
13 45
13 46
13 48
13 49
13 50
13 52
13 53
13 54
13 55
13 56
13 59
13 62
13 65
13 66
13 67
13 70
13 73
13 75
13 77
13 81
13 82
13 87
13 88
13 89
13 90
13 91
13 93
13 100
14 16
14 20
14 22
14 23
14 25
14 26
14 30
14 32
14 34
14 38
14 40
14 41
14 42
14 44
14 45
14 46
14 48
14 49
14 50
14 52
14 53
14 54
14 55
14 56
14 59
14 62
14 65
14 66
14 67
14 70
14 73
14 75
14 77
14 81
14 82
14 87
14 88
14 89
14 90
14 91
14 93
14 100
15 17
15 18
15 19
15 21
15 24
15 27
15 28
15 29
15 31
15 33
15 35
15 36
15 37
15 39
15 43
15 47
15 51
15 57
15 58
15 60
15 61
15 63
15 64
15 68
15 69
15 71
15 72
15 74
15 76
15 78
15 79
15 80
15 83
15 84
15 85
15 86
15 92
15 94
15 95
15 96
15 97
15 98
15 99
16 20
16 22
16 23
16 25
16 26
16 30
16 32
16 34
16 38
16 40
16 41
16 42
16 44
16 45
16 46
16 48
16 49
16 50
16 52
16 53
16 54
16 55
16 56
16 59
16 62
16 65
16 66
16 67
16 70
16 73
16 75
16 77
16 81
16 82
16 87
16 88
16 89
16 90
16 91
16 93
16 100
17 18
17 19
17 21
17 24
17 27
17 28
17 29
17 31
17 33
17 35
17 36
17 37
17 39
17 43
17 47
17 51
17 57
17 58
17 60
17 61
17 63
17 64
17 68
17 69
17 71
17 72
17 74
17 76
17 78
17 79
17 80
17 83
17 84
17 85
17 86
17 92
17 94
17 95
17 96
17 97
17 98
17 99
18 19
18 21
18 24
18 27
18 28
18 29
18 31
18 33
18 35
18 36
18 37
18 39
18 43
18 47
18 51
18 57
18 58
18 60
18 61
18 63
18 64
18 68
18 69
18 71
18 72
18 74
18 76
18 78
18 79
18 80
18 83
18 84
18 85
18 86
18 92
18 94
18 95
18 96
18 97
18 98
18 99
19 21
19 24
19 27
19 28
19 29
19 31
19 33
19 35
19 36
19 37
19 39
19 43
19 47
19 51
19 57
19 58
19 60
19 61
19 63
19 64
19 68
19 69
19 71
19 72
19 74
19 76
19 78
19 79
19 80
19 83
19 84
19 85
19 86
19 92
19 94
19 95
19 96
19 97
19 98
19 99
20 22
20 23
20 25
20 26
20 30
20 32
20 34
20 38
20 40
20 41
20 42
20 44
20 45
20 46
20 48
20 49
20 50
20 52
20 53
20 54
20 55
20 56
20 59
20 62
20 65
20 66
20 67
20 70
20 73
20 75
20 77
20 81
20 82
20 87
20 88
20 89
20 90
20 91
20 93
20 100
21 24
21 27
21 28
21 29
21 31
21 33
21 35
21 36
21 37
21 39
21 43
21 47
21 51
21 57
21 58
21 60
21 61
21 63
21 64
21 68
21 69
21 71
21 72
21 74
21 76
21 78
21 79
21 80
21 83
21 84
21 85
21 86
21 92
21 94
21 95
21 96
21 97
21 98
21 99
22 23
22 25
22 26
22 30
22 32
22 34
22 38
22 40
22 41
22 42
22 44
22 45
22 46
22 48
22 49
22 50
22 52
22 53
22 54
22 55
22 56
22 59
22 62
22 65
22 66
22 67
22 70
22 73
22 75
22 77
22 81
22 82
22 87
22 88
22 89
22 90
22 91
22 93
22 100
23 25
23 26
23 30
23 32
23 34
23 38
23 40
23 41
23 42
23 44
23 45
23 46
23 48
23 49
23 50
23 52
23 53
23 54
23 55
23 56
23 59
23 62
23 65
23 66
23 67
23 70
23 73
23 75
23 77
23 81
23 82
23 87
23 88
23 89
23 90
23 91
23 93
23 100
24 27
24 28
24 29
24 31
24 33
24 35
24 36
24 37
24 39
24 43
24 47
24 51
24 57
24 58
24 60
24 61
24 63
24 64
24 68
24 69
24 71
24 72
24 74
24 76
24 78
24 79
24 80
24 83
24 84
24 85
24 86
24 92
24 94
24 95
24 96
24 97
24 98
24 99
25 26
25 30
25 32
25 34
25 38
25 40
25 41
25 42
25 44
25 45
25 46
25 48
25 49
25 50
25 52
25 53
25 54
25 55
25 56
25 59
25 62
25 65
25 66
25 67
25 70
25 73
25 75
25 77
25 81
25 82
25 87
25 88
25 89
25 90
25 91
25 93
25 100
26 30
26 32
26 34
26 38
26 40
26 41
26 42
26 44
26 45
26 46
26 48
26 49
26 50
26 52
26 53
26 54
26 55
26 56
26 59
26 62
26 65
26 66
26 67
26 70
26 73
26 75
26 77
26 81
26 82
26 87
26 88
26 89
26 90
26 91
26 93
26 100
27 28
27 29
27 31
27 33
27 35
27 36
27 37
27 39
27 43
27 47
27 51
27 57
27 58
27 60
27 61
27 63
27 64
27 68
27 69
27 71
27 72
27 74
27 76
27 78
27 79
27 80
27 83
27 84
27 85
27 86
27 92
27 94
27 95
27 96
27 97
27 98
27 99
28 29
28 31
28 33
28 35
28 36
28 37
28 39
28 43
28 47
28 51
28 57
28 58
28 60
28 61
28 63
28 64
28 68
28 69
28 71
28 72
28 74
28 76
28 78
28 79
28 80
28 83
28 84
28 85
28 86
28 92
28 94
28 95
28 96
28 97
28 98
28 99
29 31
29 33
29 35
29 36
29 37
29 39
29 43
29 47
29 51
29 57
29 58
29 60
29 61
29 63
29 64
29 68
29 69
29 71
29 72
29 74
29 76
29 78
29 79
29 80
29 83
29 84
29 85
29 86
29 92
29 94
29 95
29 96
29 97
29 98
29 99
30 32
30 34
30 38
30 40
30 41
30 42
30 44
30 45
30 46
30 48
30 49
30 50
30 52
30 53
30 54
30 55
30 56
30 59
30 62
30 65
30 66
30 67
30 70
30 73
30 75
30 77
30 81
30 82
30 87
30 88
30 89
30 90
30 91
30 93
30 100
31 33
31 35
31 36
31 37
31 39
31 43
31 47
31 51
31 57
31 58
31 60
31 61
31 63
31 64
31 68
31 69
31 71
31 72
31 74
31 76
31 78
31 79
31 80
31 83
31 84
31 85
31 86
31 92
31 94
31 95
31 96
31 97
31 98
31 99
32 34
32 38
32 40
32 41
32 42
32 44
32 45
32 46
32 48
32 49
32 50
32 52
32 53
32 54
32 55
32 56
32 59
32 62
32 65
32 66
32 67
32 70
32 73
32 75
32 77
32 81
32 82
32 87
32 88
32 89
32 90
32 91
32 93
32 100
33 35
33 36
33 37
33 39
33 43
33 47
33 51
33 57
33 58
33 60
33 61
33 63
33 64
33 68
33 69
33 71
33 72
33 74
33 76
33 78
33 79
33 80
33 83
33 84
33 85
33 86
33 92
33 94
33 95
33 96
33 97
33 98
33 99
34 38
34 40
34 41
34 42
34 44
34 45
34 46
34 48
34 49
34 50
34 52
34 53
34 54
34 55
34 56
34 59
34 62
34 65
34 66
34 67
34 70
34 73
34 75
34 77
34 81
34 82
34 87
34 88
34 89
34 90
34 91
34 93
34 100
35 36
35 37
35 39
35 43
35 47
35 51
35 57
35 58
35 60
35 61
35 63
35 64
35 68
35 69
35 71
35 72
35 74
35 76
35 78
35 79
35 80
35 83
35 84
35 85
35 86
35 92
35 94
35 95
35 96
35 97
35 98
35 99
36 37
36 39
36 43
36 47
36 51
36 57
36 58
36 60
36 61
36 63
36 64
36 68
36 69
36 71
36 72
36 74
36 76
36 78
36 79
36 80
36 83
36 84
36 85
36 86
36 92
36 94
36 95
36 96
36 97
36 98
36 99
37 39
37 43
37 47
37 51
37 57
37 58
37 60
37 61
37 63
37 64
37 68
37 69
37 71
37 72
37 74
37 76
37 78
37 79
37 80
37 83
37 84
37 85
37 86
37 92
37 94
37 95
37 96
37 97
37 98
37 99
38 40
38 41
38 42
38 44
38 45
38 46
38 48
38 49
38 50
38 52
38 53
38 54
38 55
38 56
38 59
38 62
38 65
38 66
38 67
38 70
38 73
38 75
38 77
38 81
38 82
38 87
38 88
38 89
38 90
38 91
38 93
38 100
39 43
39 47
39 51
39 57
39 58
39 60
39 61
39 63
39 64
39 68
39 69
39 71
39 72
39 74
39 76
39 78
39 79
39 80
39 83
39 84
39 85
39 86
39 92
39 94
39 95
39 96
39 97
39 98
39 99
40 41
40 42
40 44
40 45
40 46
40 48
40 49
40 50
40 52
40 53
40 54
40 55
40 56
40 59
40 62
40 65
40 66
40 67
40 70
40 73
40 75
40 77
40 81
40 82
40 87
40 88
40 89
40 90
40 91
40 93
40 100
41 42
41 44
41 45
41 46
41 48
41 49
41 50
41 52
41 53
41 54
41 55
41 56
41 59
41 62
41 65
41 66
41 67
41 70
41 73
41 75
41 77
41 81
41 82
41 87
41 88
41 89
41 90
41 91
41 93
41 100
42 44
42 45
42 46
42 48
42 49
42 50
42 52
42 53
42 54
42 55
42 56
42 59
42 62
42 65
42 66
42 67
42 70
42 73
42 75
42 77
42 81
42 82
42 87
42 88
42 89
42 90
42 91
42 93
42 100
43 47
43 51
43 57
43 58
43 60
43 61
43 63
43 64
43 68
43 69
43 71
43 72
43 74
43 76
43 78
43 79
43 80
43 83
43 84
43 85
43 86
43 92
43 94
43 95
43 96
43 97
43 98
43 99
44 45
44 46
44 48
44 49
44 50
44 52
44 53
44 54
44 55
44 56
44 59
44 62
44 65
44 66
44 67
44 70
44 73
44 75
44 77
44 81
44 82
44 87
44 88
44 89
44 90
44 91
44 93
44 100
45 46
45 48
45 49
45 50
45 52
45 53
45 54
45 55
45 56
45 59
45 62
45 65
45 66
45 67
45 70
45 73
45 75
45 77
45 81
45 82
45 87
45 88
45 89
45 90
45 91
45 93
45 100
46 48
46 49
46 50
46 52
46 53
46 54
46 55
46 56
46 59
46 62
46 65
46 66
46 67
46 70
46 73
46 75
46 77
46 81
46 82
46 87
46 88
46 89
46 90
46 91
46 93
46 100
47 51
47 57
47 58
47 60
47 61
47 63
47 64
47 68
47 69
47 71
47 72
47 74
47 76
47 78
47 79
47 80
47 83
47 84
47 85
47 86
47 92
47 94
47 95
47 96
47 97
47 98
47 99
48 49
48 50
48 52
48 53
48 54
48 55
48 56
48 59
48 62
48 65
48 66
48 67
48 70
48 73
48 75
48 77
48 81
48 82
48 87
48 88
48 89
48 90
48 91
48 93
48 100
49 50
49 52
49 53
49 54
49 55
49 56
49 59
49 62
49 65
49 66
49 67
49 70
49 73
49 75
49 77
49 81
49 82
49 87
49 88
49 89
49 90
49 91
49 93
49 100
50 52
50 53
50 54
50 55
50 56
50 59
50 62
50 65
50 66
50 67
50 70
50 73
50 75
50 77
50 81
50 82
50 87
50 88
50 89
50 90
50 91
50 93
50 100
51 57
51 58
51 60
51 61
51 63
51 64
51 68
51 69
51 71
51 72
51 74
51 76
51 78
51 79
51 80
51 83
51 84
51 85
51 86
51 92
51 94
51 95
51 96
51 97
51 98
51 99
52 53
52 54
52 55
52 56
52 59
52 62
52 65
52 66
52 67
52 70
52 73
52 75
52 77
52 81
52 82
52 87
52 88
52 89
52 90
52 91
52 93
52 100
53 54
53 55
53 56
53 59
53 62
53 65
53 66
53 67
53 70
53 73
53 75
53 77
53 81
53 82
53 87
53 88
53 89
53 90
53 91
53 93
53 100
54 55
54 56
54 59
54 62
54 65
54 66
54 67
54 70
54 73
54 75
54 77
54 81
54 82
54 87
54 88
54 89
54 90
54 91
54 93
54 100
55 56
55 59
55 62
55 65
55 66
55 67
55 70
55 73
55 75
55 77
55 81
55 82
55 87
55 88
55 89
55 90
55 91
55 93
55 100
56 59
56 62
56 65
56 66
56 67
56 70
56 73
56 75
56 77
56 81
56 82
56 87
56 88
56 89
56 90
56 91
56 93
56 100
57 58
57 60
57 61
57 63
57 64
57 68
57 69
57 71
57 72
57 74
57 76
57 78
57 79
57 80
57 83
57 84
57 85
57 86
57 92
57 94
57 95
57 96
57 97
57 98
57 99
58 60
58 61
58 63
58 64
58 68
58 69
58 71
58 72
58 74
58 76
58 78
58 79
58 80
58 83
58 84
58 85
58 86
58 92
58 94
58 95
58 96
58 97
58 98
58 99
59 62
59 65
59 66
59 67
59 70
59 73
59 75
59 77
59 81
59 82
59 87
59 88
59 89
59 90
59 91
59 93
59 100
60 61
60 63
60 64
60 68
60 69
60 71
60 72
60 74
60 76
60 78
60 79
60 80
60 83
60 84
60 85
60 86
60 92
60 94
60 95
60 96
60 97
60 98
60 99
61 63
61 64
61 68
61 69
61 71
61 72
61 74
61 76
61 78
61 79
61 80
61 83
61 84
61 85
61 86
61 92
61 94
61 95
61 96
61 97
61 98
61 99
62 65
62 66
62 67
62 70
62 73
62 75
62 77
62 81
62 82
62 87
62 88
62 89
62 90
62 91
62 93
62 100
63 64
63 68
63 69
63 71
63 72
63 74
63 76
63 78
63 79
63 80
63 83
63 84
63 85
63 86
63 92
63 94
63 95
63 96
63 97
63 98
63 99
64 68
64 69
64 71
64 72
64 74
64 76
64 78
64 79
64 80
64 83
64 84
64 85
64 86
64 92
64 94
64 95
64 96
64 97
64 98
64 99
65 66
65 67
65 70
65 73
65 75
65 77
65 81
65 82
65 87
65 88
65 89
65 90
65 91
65 93
65 100
66 67
66 70
66 73
66 75
66 77
66 81
66 82
66 87
66 88
66 89
66 90
66 91
66 93
66 100
67 70
67 73
67 75
67 77
67 81
67 82
67 87
67 88
67 89
67 90
67 91
67 93
67 100
68 69
68 71
68 72
68 74
68 76
68 78
68 79
68 80
68 83
68 84
68 85
68 86
68 92
68 94
68 95
68 96
68 97
68 98
68 99
69 71
69 72
69 74
69 76
69 78
69 79
69 80
69 83
69 84
69 85
69 86
69 92
69 94
69 95
69 96
69 97
69 98
69 99
70 73
70 75
70 77
70 81
70 82
70 87
70 88
70 89
70 90
70 91
70 93
70 100
71 72
71 74
71 76
71 78
71 79
71 80
71 83
71 84
71 85
71 86
71 92
71 94
71 95
71 96
71 97
71 98
71 99
72 74
72 76
72 78
72 79
72 80
72 83
72 84
72 85
72 86
72 92
72 94
72 95
72 96
72 97
72 98
72 99
73 75
73 77
73 81
73 82
73 87
73 88
73 89
73 90
73 91
73 93
73 100
74 76
74 78
74 79
74 80
74 83
74 84
74 85
74 86
74 92
74 94
74 95
74 96
74 97
74 98
74 99
75 77
75 81
75 82
75 87
75 88
75 89
75 90
75 91
75 93
75 100
76 78
76 79
76 80
76 83
76 84
76 85
76 86
76 92
76 94
76 95
76 96
76 97
76 98
76 99
77 81
77 82
77 87
77 88
77 89
77 90
77 91
77 93
77 100
78 79
78 80
78 83
78 84
78 85
78 86
78 92
78 94
78 95
78 96
78 97
78 98
78 99
79 80
79 83
79 84
79 85
79 86
79 92
79 94
79 95
79 96
79 97
79 98
79 99
80 83
80 84
80 85
80 86
80 92
80 94
80 95
80 96
80 97
80 98
80 99
81 82
81 87
81 88
81 89
81 90
81 91
81 93
81 100
82 87
82 88
82 89
82 90
82 91
82 93
82 100
83 84
83 85
83 86
83 92
83 94
83 95
83 96
83 97
83 98
83 99
84 85
84 86
84 92
84 94
84 95
84 96
84 97
84 98
84 99
85 86
85 92
85 94
85 95
85 96
85 97
85 98
85 99
86 92
86 94
86 95
86 96
86 97
86 98
86 99
87 88
87 89
87 90
87 91
87 93
87 100
88 89
88 90
88 91
88 93
88 100
89 90
89 91
89 93
89 100
90 91
90 93
90 100
91 93
91 100
92 94
92 95
92 96
92 97
92 98
92 99
93 100
94 95
94 96
94 97
94 98
94 99
95 96
95 97
95 98
95 99
96 97
96 98
96 99
97 98
97 99
98 99
